tree
version=v4
num_class=1
num_tree_per_iteration=1
label_index=0
max_feature_idx=25
objective=regression
feature_names=Column_0 Column_1 Column_2 Column_3 Column_4 Column_5 Column_6 Column_7 Column_8 Column_9 Column_10 Column_11 Column_12 Column_13 Column_14 Column_15 Column_16 Column_17 Column_18 Column_19 Column_20 Column_21 Column_22 Column_23 Column_24 Column_25
feature_infos=[815:2610] [1193.38330078125:2460.13330078125] [18.974428176879883:250.89627075195312] [-4.0533785820007324:4.378140926361084] [76.120002746582031:92.419998168945312] [75.546340942382812:92.262420654296875] [0.14847546815872192:0.38778552412986755] [-0.0049255541525781155:0.010457076132297516] [29.5:33.369998931884766] [29.515666961669922:33.153667449951172] [0.068348735570907593:0.22402921319007874] [-0.0039494396187365055:0.0052582467906177044] [10.880000114440918:35.029998779296875] [16.255832672119141:33.651920318603516] [0.35805866122245789:3.54795241355896] [-0.085512325167655945:0.085447527468204498] [2.6800000667572021:19.420000076293945] [2.8202500343322754:18.587747573852539] [0.07596857100725174:0.94925141334533691] [-0.011334710754454136:0.016035037115216255] [1.5800000429153442:3.5199999809265137] [2.1394164562225342:2.9278333187103271] [0.031837210059165955:0.4678770899772644] [-0.0046542119234800339:0.0041392459534108639] [0:1] none
tree_sizes=720 810 725 811 817 809 891 888 890 877 886 887 870 880 780 861 866 786 776 773 782 784 779 940 860 861 940 863 935 861 942 948 947 951 949 863 873 952 872 888 864 871 954 879 949 953 869 964 790 875

Tree=0
num_leaves=7
num_cat=0
split_feature=24 9 22 5 21 16
split_gain=3.61137e+07 8.2816e+06 5.73482e+06 1.3406e+07 4.60845e+06 2.05509e+06
threshold=1.0000000180025095e-35 30.39124965667725 0.41075843572616583 89.252288818359389 2.8822499513626103 3.3850001096725468
decision_type=2 2 2 2 2 2
left_child=1 5 4 -4 -3 -1
right_child=-2 2 3 -5 -6 -7
leaf_value=710.59125027801053 605.69125162760417 638.26048078781525 748.59125093849764 655.59124979716478 695.50034093712316 749.04958438873291
leaf_weight=33 60 39 31 31 22 24
leaf_count=33 60 39 31 31 22 24
internal_value=672.879 695.275 680.673 702.091 658.904 726.784
internal_weight=240 180 123 62 61 57
internal_count=240 180 123 62 61 57
is_linear=0
shrinkage=1


Tree=1
num_leaves=8
num_cat=0
split_feature=24 9 22 17 2 17 0
split_gain=2.92521e+07 6.70809e+06 4.65205e+06 6.73569e+06 5.69799e+06 1.89093e+06 1.75582e+06
threshold=1.0000000180025095e-35 30.39124965667725 0.14784305542707446 15.684249877929689 203.93364715576175 14.120749950408937 1768.5000000000002
decision_type=2 2 2 2 2 2 2
left_child=1 6 -3 4 5 -4 -1
right_child=-2 2 3 -5 -6 -7 -8
leaf_value=71.494249166761136 -60.469122314453131 -30.548968887329103 65.729998803907833 -31.571257749470803 -8.8245416561762493 26.29087522506714 35.109741036097212
leaf_weight=21 60 26 31 22 24 20 36
leaf_count=21 60 26 31 22 24 20 36
internal_value=7.37707e-07 20.1564 7.01478 17.0834 31.3554 50.2637 48.5146
internal_weight=240 180 123 97 75 51 57
internal_count=240 180 123 97 75 51 57
is_linear=0
shrinkage=0.1


Tree=2
num_leaves=7
num_cat=0
split_feature=24 9 22 17 21 16
split_gain=2.36942e+07 5.43356e+06 4.03816e+06 9.3392e+06 3.35353e+06 1.46549e+06
threshold=1.0000000180025095e-35 30.39124965667725 0.41075843572616583 14.592499732971193 2.8822499513626103 3.3850001096725468
decision_type=2 2 2 2 2 2
left_child=1 5 4 -4 -3 -1
right_child=-2 2 3 -5 -6 -7
leaf_value=29.98887662454085 -54.422210693359375 -29.564053902259243 67.053853607177743 -10.934963257172528 19.26431040872227 62.46516571044922
leaf_weight=33 60 39 28 34 22 24
leaf_count=33 60 39 28 34 22 24
internal_value=5.88e-07 18.1407 6.3133 24.2858 -11.9538 43.6631
internal_weight=240 180 123 62 61 57
internal_count=240 180 123 62 61 57
is_linear=0
shrinkage=0.1


Tree=3
num_leaves=8
num_cat=0
split_feature=24 17 1 9 21 17 0
split_gain=1.91923e+07 4.75627e+06 3.39052e+06 6.96546e+06 2.43344e+06 2.0677e+06 1.28338e+06
threshold=1.0000000180025095e-35 15.684249877929689 1852.1125488281252 30.421124458312992 2.8712917566299443 13.765209197998049 1768.5000000000002
decision_type=2 2 2 2 2 2 2
left_child=1 2 3 6 -5 -4 -1
right_child=-2 -3 5 4 -6 -7 -8
leaf_value=56.3297364939814 -48.979992675781254 -27.235957678881558 69.571519470214852 -34.837248168945315 6.8020170331001282 26.433038375854494 25.558087594581373
leaf_weight=23 60 22 20 25 32 25 33
leaf_count=23 60 22 20 25 32 25 33
internal_value=-4.57764e-07 16.3267 22.3923 13.1481 -11.4608 45.6057 38.1964
internal_weight=240 180 158 113 57 45 56
internal_count=240 180 158 113 57 45 56
is_linear=0
shrinkage=0.1


Tree=4
num_leaves=8
num_cat=0
split_feature=24 8 21 22 17 9 18
split_gain=1.55458e+07 3.93176e+06 4.50185e+06 3.40844e+06 6.54086e+06 1.90951e+06 1.05986e+06
threshold=1.0000000180025095e-35 30.000000000000004 2.8996249437332158 0.41075843572616583 15.168875694274904 30.691416740417484 0.14363487064838412
decision_type=2 2 2 2 2 2 2
left_child=1 -1 3 5 -5 6 -3
right_child=-2 2 -4 4 -6 -7 -8
leaf_value=54.301237071644181 -44.081991577148443 -16.456146911621094 52.292985207693917 49.393968828986679 -15.873185011318752 -36.536783799258146 11.871671383721489
leaf_weight=22 60 25 21 34 28 22 28
leaf_count=22 60 25 21 34 28 22 28
internal_value=2.18948e-07 14.694 9.17907 2.57036 19.9185 -11.7707 -1.49051
internal_weight=240 180 158 137 62 75 53
internal_count=240 180 158 137 62 75 53
is_linear=0
shrinkage=0.1


Tree=5
num_leaves=8
num_cat=0
split_feature=24 17 8 22 17 2 16
split_gain=1.25921e+07 3.25826e+06 2.39731e+06 4.07782e+06 2.12904e+06 4.409e+06 1.79988e+06
threshold=1.0000000180025095e-35 15.684249877929689 30.000000000000004 0.1381606534123421 10.100500106811525 168.34458923339847 14.135000228881838
decision_type=2 2 2 2 2 2 2
left_child=1 2 -1 -4 -5 6 -6
right_child=-2 -3 3 4 5 -7 -8
leaf_value=48.871114349365236 -39.673794555664067 -22.83111857934432 -15.033650773280378 52.139300101143981 59.99069969177247 -9.4125263147883942 18.541108911687679
leaf_weight=22 60 22 37 21 20 36 22
leaf_count=22 60 22 37 21 20 36 22
internal_value=-4.18027e-07 13.2246 18.245 13.2908 23.8767 16.2675 38.279
internal_weight=240 180 158 136 99 78 42
internal_count=240 180 158 136 99 78 42
is_linear=0
shrinkage=0.1


Tree=6
num_leaves=9
num_cat=0
split_feature=24 8 2 17 12 17 17 10
split_gain=1.01996e+07 2.74832e+06 2.65048e+06 2.43684e+06 2.6531e+06 3.15429e+06 1.68479e+06 546525
threshold=1.0000000180025095e-35 30.265000343322757 61.782033920288093 15.684249877929689 21.685000419616703 11.168499469757082 13.765209197998049 0.089832548052072539
decision_type=2 2 2 2 2 2 2 2
left_child=1 7 -3 4 5 -4 -6 -1
right_child=-2 2 3 -5 6 -7 -8 -9
leaf_value=21.522981888907296 -35.706414794921876 -26.151966260827109 31.172212476730348 -19.587698473249162 57.100329895019541 -21.651413424198445 18.160513206481934 43.613005606333417
leaf_weight=21 60 23 20 21 20 26 25 24
leaf_count=21 60 23 20 21 20 26 25 24
internal_value=-4.03523e-07 11.9021 4.76807 11.1177 18.2036 1.31538 35.4671 33.3043
internal_weight=240 180 135 112 91 46 45 45
internal_count=240 180 135 112 91 46 45 45
is_linear=0
shrinkage=0.1


Tree=7
num_leaves=9
num_cat=0
split_feature=24 8 21 22 17 9 5 18
split_gain=8.26166e+06 2.25799e+06 2.60508e+06 2.07088e+06 3.77142e+06 1.26504e+06 914453 587693
threshold=1.0000000180025095e-35 30.000000000000004 2.8971248865127568 0.41075843572616583 14.281250000000002 30.691416740417484 90.062168121337905 0.14363487064838412
decision_type=2 2 2 2 2 2 2 2
left_child=1 -1 3 5 -5 7 -6 -3
right_child=-2 2 -4 4 6 -7 -8 -9
leaf_value=40.727202779596503 -32.135772705078125 -12.864048797607422 37.641516013767408 47.92823375355114 11.500741599798204 -30.896535164969311 -18.739174709320068 8.4136649590951418
leaf_weight=22 60 25 23 22 20 21 20 27
leaf_count=22 60 25 23 22 20 21 20 27
internal_value=-2.37326e-07 10.7119 6.53258 1.23254 14.6718 -10.1816 -3.61922 -1.81601
internal_weight=240 180 158 135 62 73 40 52
internal_count=240 180 158 135 62 73 40 52
is_linear=0
shrinkage=0.1


Tree=8
num_leaves=9
num_cat=0
split_feature=24 8 2 17 12 17 17 10
split_gain=6.69195e+06 1.92895e+06 1.85292e+06 1.68515e+06 1.81849e+06 2.19966e+06 1.13952e+06 395719
threshold=1.0000000180025095e-35 30.265000343322757 61.782033920288093 15.684249877929689 21.685000419616703 11.710749149322512 13.765209197998049 0.089832548052072539
decision_type=2 2 2 2 2 2 2 2
left_child=1 7 -3 4 5 -4 -6 -1
right_child=-2 2 3 -5 6 -7 -8 -9
leaf_value=17.545960201535905 -28.922195434570312 -22.188747654790465 20.062850838441118 -16.561116867973691 46.949346923828131 -24.049006004333496 14.924926364898681 36.342793877919512
leaf_weight=21 60 23 26 21 20 20 25 24
leaf_count=21 60 23 26 21 20 20 25 24
internal_value=-2.48949e-07 9.64073 3.664 8.97304 14.8655 0.883783 29.158 27.5709
internal_weight=240 180 135 112 91 46 45 45
internal_count=240 180 135 112 91 46 45 45
is_linear=0
shrinkage=0.1


Tree=9
num_leaves=9
num_cat=0
split_feature=24 4 21 22 17 9 5 18
split_gain=5.42048e+06 1.60711e+06 1.9566e+06 1.48899e+06 2.55125e+06 830084 664140 345760
threshold=1.0000000180025095e-35 79.465000152587905 2.8971248865127568 0.41075843572616583 14.281250000000002 30.691416740417484 90.062168121337905 0.14363487064838412
decision_type=2 2 2 2 2 2 2 2
left_child=1 -1 3 5 -5 7 -6 -3
right_child=-2 2 -4 4 6 -7 -8 -9
leaf_value=34.67674938383557 -26.029974365234377 -10.4909473242668 31.552229364713032 39.313869545676496 9.8027561235427854 -25.893184739067443 -15.968158371448517 5.817604209826543
leaf_weight=21 60 26 24 22 20 21 20 26
leaf_count=21 60 26 24 22 20 21 20 26
internal_value=2.68544e-07 8.67666 5.24268 0.565432 11.9612 -9.1132 -3.0827 -2.33667
internal_weight=240 180 159 135 62 73 40 52
internal_count=240 180 159 135 62 73 40 52
is_linear=0
shrinkage=0.1


Tree=10
num_leaves=9
num_cat=0
split_feature=24 8 2 4 12 17 17 10
split_gain=4.39059e+06 1.35315e+06 1.29885e+06 1.1723e+06 1.20171e+06 1.52184e+06 813201 284971
threshold=1.0000000180025095e-35 30.265000343322757 61.782033920288093 90.194999694824233 21.685000419616703 11.168499469757082 13.765209197998049 0.089832548052072539
decision_type=2 2 2 2 2 2 2 2
left_child=1 7 -3 4 5 -4 -6 -1
right_child=-2 2 3 -5 6 -7 -8 -9
leaf_value=14.319212684177216 -23.426977539062502 -18.841819261467975 21.327831401824952 -14.694582800865176 38.606932144165043 -15.363336203648494 11.785861297754142 30.270325613021853
leaf_weight=21 60 23 20 20 20 26 26 24
leaf_count=21 60 23 20 20 20 26 26 24
internal_value=2.21133e-07 7.80899 2.80317 7.24812 12.0183 0.589345 23.4472 22.8265
internal_weight=240 180 135 112 92 46 46 45
internal_count=240 180 135 112 92 46 46 45
is_linear=0
shrinkage=0.1


Tree=11
num_leaves=9
num_cat=0
split_feature=24 16 4 22 5 2 16 0
split_gain=3.55638e+06 1.1597e+06 886616 1.54891e+06 1.20875e+06 1.56609e+06 608362 4.65661e-10
threshold=1.0000000180025095e-35 15.799999713897707 79.465000152587905 0.1381606534123421 86.639167785644545 172.20301818847659 14.135000228881838 1860.0000000000002
decision_type=2 2 2 2 2 2 2 2
left_child=1 2 -1 -4 -5 6 -6 -2
right_child=7 -3 3 4 5 -7 -8 -9
leaf_value=29.017576272147046 -21.084280395507815 -15.674806215316057 -10.554357451683767 35.372809410095215 32.915405545915881 -7.2866130777307463 9.6091686884562186 -21.084280395507815
leaf_weight=21 40 20 37 20 21 37 24 20
leaf_count=21 40 20 37 20 21 37 24 20
internal_value=-1.13373e-08 7.02809 9.86596 6.97255 13.3303 7.95413 20.4854 -21.0843
internal_weight=240 180 160 139 102 82 45 60
internal_count=240 180 160 139 102 82 45 60
is_linear=0
shrinkage=0.1


Tree=12
num_leaves=9
num_cat=0
split_feature=24 8 2 17 12 17 17 19
split_gain=2.88066e+06 966381 895725 852461 998481 1.13234e+06 400792 231618
threshold=1.0000000180025095e-35 30.265000343322757 61.782033920288093 15.408625125885012 21.685000419616703 11.710749149322512 13.765209197998049 0.00096201119595207285
decision_type=2 2 2 2 2 2 2 2
left_child=1 7 -3 4 5 -4 -6 -1
right_child=-2 2 3 -5 6 -7 -8 -9
leaf_value=25.727309354146321 -18.975852966308594 -15.879938979770827 13.924607700567979 -10.919481939077379 31.735378189086916 -17.72477714538574 12.175868606567384 11.346711267743792
leaf_weight=24 60 23 26 24 20 20 22 21
leaf_count=24 60 23 26 24 20 20 22 21
internal_value=-2.06232e-07 6.32528 2.09492 5.78619 10.3423 0.164006 21.4899 19.0164
internal_weight=240 180 135 112 88 46 42 45
internal_count=240 180 135 112 88 46 42 45
is_linear=0
shrinkage=0.1


Tree=13
num_leaves=9
num_cat=0
split_feature=24 8 21 22 16 8 3 0
split_gain=2.33334e+06 811065 910135 789027 1.21661e+06 517518 156468 2.32831e-10
threshold=1.0000000180025095e-35 30.000000000000004 2.8947082757949834 0.41075843572616583 15.114999771118166 30.664999961853031 -0.0096082916716113669 1834.5000000000002
decision_type=2 2 2 2 2 2 2 2
left_child=1 -1 3 5 -5 6 -3 -2
right_child=7 2 -4 4 -6 -7 -8 -9
leaf_value=23.681830709630795 -17.078266906738282 5.4037746679782872 20.289070562215954 21.166334926720822 -6.9083443049726814 -19.360511604944865 -6.3611686669863197 -17.078266906738282
leaf_weight=22 35 20 26 33 29 24 26 25
leaf_count=22 35 20 26 33 29 24 26 25
internal_value=-2.89083e-08 5.69276 3.18795 -0.180455 8.03463 -7.45667 -1.24598 -17.0783
internal_weight=240 180 158 132 62 70 46 60
internal_count=240 180 158 132 62 70 46 60
is_linear=0
shrinkage=0.1


Tree=14
num_leaves=8
num_cat=0
split_feature=24 5 4 22 5 2 17
split_gain=1.89e+06 708537 506937 984938 811587 975513 338688
threshold=1.0000000180025095e-35 90.062168121337905 79.465000152587905 0.1381606534123421 86.639167785644545 172.20301818847659 13.9394588470459
decision_type=2 2 2 2 2 2 2
left_child=1 2 -1 -4 -5 6 -6
right_child=-2 -3 3 4 5 -7 -8
leaf_value=21.878254079251064 -15.370440673828126 -12.140221468607585 -8.7571201620875172 28.354176845550537 25.534356136322021 -6.107421215643754 7.9143791158994041
leaf_weight=21 60 21 37 20 20 37 24
leaf_count=21 60 21 37 20 20 37 24
internal_value=-1.17347e-07 5.12348 7.40359 5.20093 10.3143 5.85997 15.9235
internal_weight=240 180 159 138 101 81 44
internal_count=240 180 159 138 101 81 44
is_linear=0
shrinkage=0.1


Tree=15
num_leaves=9
num_cat=0
split_feature=24 9 9 14 17 2 17 16
split_gain=1.5309e+06 605583 419809 838917 686578 818761 325088 269145
threshold=1.0000000180025095e-35 32.36291694641114 29.889960289001468 0.78012010455131542 9.8409585952758807 168.34458923339847 11.710749149322512 14.135000228881838
decision_type=2 2 2 2 2 2 2 2
left_child=1 2 -1 -4 -5 7 -7 -6
right_child=-2 -3 3 4 5 6 -8 -9
leaf_value=19.941338748023625 -13.833396911621094 -10.933051551472058 -8.601342123235975 25.953839540481567 23.436901283264163 4.0653259766101844 -13.964884057044983 7.4084588029167877
leaf_weight=21 60 22 35 20 20 20 20 22
leaf_count=21 60 22 35 20 20 20 20 22
internal_value=-2.53767e-07 4.61113 6.77551 4.75739 9.34127 5.28943 -4.94978 15.0411
internal_weight=240 180 158 137 102 82 40 42
internal_count=240 180 158 137 102 82 40 42
is_linear=0
shrinkage=0.1


Tree=16
num_leaves=9
num_cat=0
split_feature=24 16 9 14 5 0 16 0
split_gain=1.24003e+06 511600 343017 670969 577050 692418 211188 1.16415e-10
threshold=1.0000000180025095e-35 15.799999713897707 29.889960289001468 0.78012010455131542 86.639167785644545 1533.0000000000002 13.994999885559084 1860.0000000000002
decision_type=2 2 2 2 2 2 2 2
left_child=1 2 -1 -4 -5 -6 -7 -2
right_child=7 -3 3 4 5 6 -8 -9
leaf_value=17.947205620720275 -12.450056457519532 -10.929028264880181 -7.7412077685764862 23.074508076622376 -6.1773323941230771 20.166609230041505 6.7123111120292123 -12.450056457519532
leaf_weight=21 40 20 35 21 35 20 28 20
leaf_count=21 40 20 35 21 35 20 28 20
internal_value=1.03911e-07 4.15002 6.0349 4.2352 8.26572 4.51892 12.3183 -12.4501
internal_weight=240 180 160 139 104 83 48 60
internal_count=240 180 160 139 104 83 48 60
is_linear=0
shrinkage=0.1


Tree=17
num_leaves=8
num_cat=0
split_feature=24 4 13 8 21 4 13
split_gain=1.00443e+06 437207 306850 728244 210486 400049 102584
threshold=1.0000000180025095e-35 90.194999694824233 29.778875350952152 30.664999961853031 2.8947082757949834 79.465000152587905 22.649622917175297
decision_type=2 2 2 2 2 2 2
left_child=1 2 3 4 5 -1 -7
right_child=-2 -3 -4 -5 -6 6 -8
leaf_value=16.365014534904844 -11.205051422119141 -9.8261165301005065 13.794892371041435 -9.5338046478502676 15.842778929074607 4.2290282691518462 -5.2246748143976385
leaf_weight=21 60 21 35 33 24 24 22
leaf_count=21 60 21 35 33 24 24 22
internal_value=-8.65757e-08 3.73502 5.52611 3.19218 7.8071 4.92864 -0.292308
internal_weight=240 180 159 124 91 67 46
internal_count=240 180 159 124 91 67 46
is_linear=0
shrinkage=0.1


Tree=18
num_leaves=8
num_cat=0
split_feature=24 5 0 8 4 21 4
split_gain=813584 370735 261117 760382 196973 178493 287539
threshold=1.0000000180025095e-35 90.062168121337905 1887.5000000000002 30.664999961853031 88.795001983642592 2.8947082757949834 80.989997863769545
decision_type=2 2 2 2 2 2 2
left_child=1 2 3 5 -4 6 -1
right_child=-2 -3 4 -5 -6 -7 -8
leaf_value=12.517895974874497 -10.084545898437501 -9.1262385731651676 18.857862319946289 -12.560372361770042 5.5433762168884284 14.258501068751016 -1.2205034324756037
leaf_weight=25 60 21 20 26 25 24 39
leaf_count=25 60 21 20 26 25 24 39
internal_value=-9.88444e-09 3.36152 5.01084 2.46476 11.4609 6.904 4.14606
internal_weight=240 180 159 114 45 88 64
internal_count=240 180 159 114 45 88 64
is_linear=0
shrinkage=0.1


Tree=19
num_leaves=8
num_cat=0
split_feature=24 9 0 8 21 4 4
split_gain=659003 321451 232657 615910 159943 336676 140635
threshold=1.0000000180025095e-35 32.36291694641114 1887.5000000000002 30.664999961853031 2.8742917776107793 81.590000152587905 88.795001983642592
decision_type=2 2 2 2 2 2 2
left_child=1 2 3 4 5 -1 -4
right_child=-2 -3 6 -5 -6 -7 -8
leaf_value=10.439545840876443 -9.0760910034179698 -8.2996350331739954 16.972076422348618 -11.3043352328814 11.586377049544279 -5.3633650339566747 5.6180011093616491
leaf_weight=28 60 22 20 26 34 26 24
leaf_count=28 60 22 20 26 34 26 24
internal_value=8.51167e-08 3.02536 4.60226 2.21828 6.2136 2.83074 10.7789
internal_weight=240 180 158 114 88 54 44
internal_count=240 180 158 114 88 54 44
is_linear=0
shrinkage=0.1


Tree=20
num_leaves=8
num_cat=0
split_feature=24 16 13 8 14 9 13
split_gain=533793 266312 182067 442481 136889 252602 87404.3
threshold=1.0000000180025095e-35 15.799999713897707 29.549375534057621 30.664999961853031 3.1371127367019658 29.889960289001468 22.649622917175297
decision_type=2 2 2 2 2 2 2
left_child=1 2 3 4 5 -1 -7
right_child=-2 -3 -4 -5 -6 6 -8
leaf_value=12.406067784627279 -8.1684822082519535 -8.1565531110763541 10.02452503228799 -8.3644629828135173 12.120059711113573 3.164847070217133 -5.5863155455816367
leaf_weight=21 60 20 39 30 24 25 21
leaf_count=21 60 20 39 30 24 25 21
internal_value=-4.58211e-09 2.72283 4.08275 2.16763 5.63975 3.31845 -0.830249
internal_weight=240 180 160 121 91 67 46
internal_count=240 180 160 121 91 67 46
is_linear=0
shrinkage=0.1


Tree=21
num_leaves=8
num_cat=0
split_feature=24 5 1 9 18 4 19
split_gain=432372 233728 176791 338658 151013 214349 145496
threshold=1.0000000180025095e-35 90.062168121337905 2286.283325195313 30.691416740417484 0.83507633209228527 79.465000152587905 0.00078043562825769197
decision_type=2 2 2 2 2 2 2
left_child=1 2 3 4 5 -1 -7
right_child=-2 -3 -4 -5 -6 6 -8
leaf_value=11.284928494408017 -7.3516342163085939 -7.4647999082292831 10.036484988076346 -7.6881137166704452 12.30629347392491 4.1978719949722292 -6.2121966333389285
leaf_weight=21 60 21 35 28 21 29 25
leaf_count=21 60 21 35 28 21 29 25
internal_value=-1.13249e-07 2.45054 3.76012 1.98856 4.81093 2.71222 -0.621604
internal_weight=240 180 159 124 96 75 54
internal_count=240 180 159 124 96 75 54
is_linear=0
shrinkage=0.1


Tree=22
num_leaves=8
num_cat=0
split_feature=17 24 21 4 5 0 5
split_gain=362091 344756 133404 324808 320065 320587 133440
threshold=16.563208580017093 1.0000000180025095e-35 2.2182500362396245 82.05499649047853 86.639167785644545 1533.0000000000002 88.496334075927749
decision_type=2 2 2 2 2 2 2
left_child=1 2 3 -1 -4 -6 -7
right_child=-2 -3 4 -5 5 6 -8
leaf_value=6.0781206492719981 -10.909653077302156 -6.6164703369140625 15.048622846603394 -10.035303490812129 -5.0600556019374308 13.670507507175209 3.5791487941616462
leaf_weight=29 27 43 26 22 35 20 38
leaf_count=29 27 43 26 22 35 20 38
internal_value=6.96753e-08 1.38291 3.40629 -0.872768 5.24017 2.49802 7.05893
internal_weight=240 213 170 51 119 93 58
internal_count=240 213 170 51 119 93 58
is_linear=0
shrinkage=0.1


Tree=23
num_leaves=10
num_cat=0
split_feature=17 24 13 9 17 18 4 19 0
split_gain=293293 279253 117525 338277 133833 130791 129381 7781.23 2.91038e-11
threshold=16.563208580017093 1.0000000180025095e-35 23.716416358947757 30.691416740417484 13.289625167846681 0.74732798337936412 81.590000152587905 0.0014777238247916105 1766.5000000000002
decision_type=2 2 2 2 2 2 2 2 2
left_child=1 2 3 5 -4 6 -1 -6 -3
right_child=-2 8 4 -5 7 -7 -8 -9 -10
leaf_value=5.6745251362974001 -9.8186879334626376 -5.954823684692383 12.523348963778952 -10.367241044271561 1.630261995792389 8.1596226340846023 -5.0521851130153825 4.327252674102783 -5.954823684692383
leaf_weight=22 27 23 23 21 20 38 23 23 20
leaf_count=22 27 23 23 21 20 38 23 23 20
internal_value=-8.9556e-08 1.24462 3.06566 0.971086 6.3662 3.83982 0.191984 3.07284 -5.95482
internal_weight=240 213 170 104 66 83 45 43 43
internal_count=240 213 170 104 66 83 45 43 43
is_linear=0
shrinkage=0.1


Tree=24
num_leaves=9
num_cat=0
split_feature=17 24 13 17 21 4 17 16
split_gain=238339 232012 119778 257144 209331 220029 170153 82463.2
threshold=16.321082115173343 1.0000000180025095e-35 29.549375534057621 12.022791862487795 2.2203333377838139 81.590000152587905 9.5378746986389178 14.605000019073488
decision_type=2 2 2 2 2 2 2 2
left_child=1 2 3 4 5 -1 -6 -4
right_child=-2 -3 7 -5 6 -7 -8 -9
leaf_value=5.3532577170266045 -8.3375972112019863 -5.3593410491943363 11.840932498659406 -8.8332626410893038 15.188507118225099 -7.5354581163479741 3.0190422623245805 3.3407271076440814
leaf_weight=27 30 43 21 21 20 26 27 25
leaf_count=27 30 43 21 21 20 26 27 25
internal_value=-2.48725e-08 1.19109 2.87772 1.22646 3.339 -0.969509 8.19754 7.22126
internal_weight=240 210 167 121 100 53 47 46
internal_count=240 210 167 121 100 53 47 46
is_linear=0
shrinkage=0.1


Tree=25
num_leaves=9
num_cat=0
split_feature=5 24 10 8 0 4 16 10
split_gain=194948 188264 100201 221978 99955.5 162376 84045.3 19110.4
threshold=90.738708496093764 1.0000000180025095e-35 0.12748245894908908 30.664999961853031 1355.5000000000002 80.989997863769545 13.070000171661379 0.16683638095855716
decision_type=2 2 2 2 2 2 2 2
left_child=1 2 3 4 -1 -6 -4 -8
right_child=-2 -3 6 -5 5 -7 7 -9
leaf_value=9.1898640918731687 -7.5405368411540996 -4.8234069824218757 10.036668667426476 -8.2798227656971317 6.661126571231418 -3.9463677498602099 0.66173667258449964 4.9809274387359626
leaf_weight=20 30 43 26 22 27 31 21 20
leaf_count=20 30 43 26 22 27 31 21 20
internal_value=-1.27374e-08 1.07722 2.59654 0.591542 3.09372 0.991604 5.58908 2.76866
internal_weight=240 210 167 100 78 58 67 41
internal_count=240 210 167 100 78 58 67 41
is_linear=0
shrinkage=0.1


Tree=26
num_leaves=10
num_cat=0
split_feature=17 0 9 9 18 19 3 17 8
split_gain=159865 151400 270672 98086.4 79214.7 171952 27758.5 28419.5 26604.6
threshold=16.563208580017093 1887.5000000000002 30.691416740417484 31.945125579833988 0.83507633209228527 0.00078043562825769197 -0.20394469052553174 12.582707881927492 30.214999198913578
decision_type=2 2 2 2 2 2 2 2 2
left_child=1 2 4 -3 5 8 -4 -8 -1
right_child=-2 3 6 -5 -6 -7 7 -9 -10
leaf_value=8.1448910295963284 -7.2490057945251465 10.997890329360963 -8.3672465324401859 2.2635107116566764 8.175107470012847 -4.2688672617077827 -1.3999280071258546 -6.7309203338623051 2.9869260113686327
leaf_weight=20 27 20 24 36 21 32 20 20 20
leaf_count=20 27 20 24 36 21 32 20 20 20
internal_value=-1.05364e-08 0.918888 -0.673382 5.38293 2.77107 1.1949 -5.67861 -4.06542 5.56591
internal_weight=240 213 157 56 93 72 64 40 40
internal_count=240 213 157 56 93 72 64 40 40
is_linear=0
shrinkage=0.1


Tree=27
num_leaves=9
num_cat=0
split_feature=8 2 16 1 22 5 19 17
split_gain=136163 97316.4 140767 110579 77920.7 84682.3 77275.2 56351.1
threshold=30.265000343322757 61.782033920288093 13.50500011444092 1254.662536621094 0.43017880618572241 90.738708496093764 -0.0006180118944030254 3.1622083187103276
decision_type=2 2 2 2 2 2 2 2
left_child=6 7 3 -3 -4 -6 -1 -2
right_child=1 2 4 -5 5 -7 -8 -9
leaf_value=9.5913991063833244 -2.095090026121873 0.55499761813395743 -6.6590898365810007 9.5076070612127133 2.5358868686776415 -5.1519734133844794 1.2518735466003419 -9.1554729437828062
leaf_weight=20 26 37 29 22 38 23 25 20
leaf_count=20 26 37 29 22 38 23 25 20
internal_value=-1.79311e-08 -1.14423 0.0970267 3.89326 -2.39161 -0.362815 4.95833 -5.16482
internal_weight=240 195 149 59 90 61 45 46
internal_count=240 195 149 59 90 61 45 46
is_linear=0
shrinkage=0.1


Tree=28
num_leaves=10
num_cat=0
split_feature=8 22 16 21 5 16 17 17 5
split_gain=110292 79667.9 162059 112854 92239.7 67014.7 61154.5 31236.2 76368.4
threshold=30.265000343322757 0.43017880618572241 14.494999885559084 2.8712917566299443 86.897083282470717 3.304999947547913 16.321082115173343 3.059666752815247 87.471294403076186
decision_type=2 2 2 2 2 2 2 2 2
left_child=5 3 -3 7 -5 -1 -4 -2 -9
right_child=1 2 6 4 -6 -7 -8 8 -10
leaf_value=1.0108699460029602 -1.3916952224004837 9.2619904683530336 1.8447453205074584 6.3362863960720253 -3.152840132713318 8.7770292472839362 -5.0343502521514898 -10.411275827366374 -3.1105494298433003
leaf_weight=25 21 20 28 21 20 20 24 23 38
leaf_count=25 21 20 28 21 20 20 24 23 38
internal_value=-1.86885e-08 -1.02981 1.61206 -2.57627 1.70744 4.4625 -1.33022 -4.71812 -5.86328
internal_weight=240 195 72 123 41 45 52 82 61
internal_count=240 195 72 123 41 45 52 82 61
is_linear=0
shrinkage=0.1


Tree=29
num_leaves=9
num_cat=0
split_feature=8 22 5 1 17 16 1 24
split_gain=93040.9 97994.8 143538 70828.6 84440.1 46075.8 33612.7 30336.6
threshold=30.505000114440922 0.15350793302059176 90.738708496093764 1259.5125122070315 13.765209197998049 3.304999947547913 1253.6500244140627 0.54166665673255932
decision_type=2 2 2 2 2 2 2 2
left_child=5 6 3 -3 -5 -1 -2 -8
right_child=1 2 -4 4 -6 -7 7 -9
leaf_value=0.65636517558779039 -1.2669445152282715 -1.8994964690435503 -5.1559944438934329 10.100666961669923 1.9119304530760823 5.9064295083284382 -8.5966521581013993 -3.2829522219571206
leaf_weight=35 25 21 30 20 34 32 21 22
leaf_count=35 25 21 30 20 34 32 21 22
internal_value=-6.75023e-08 -1.22531 0.689997 3.02839 4.9448 3.16386 -4.18277 -5.87801
internal_weight=240 173 105 75 54 67 68 43
internal_count=240 173 105 75 54 67 68 43
is_linear=0
shrinkage=0.1


Tree=30
num_leaves=10
num_cat=0
split_feature=8 19 22 16 21 5 17 17 5
split_gain=76531.2 68364.7 54939.1 109649 78499 72014.5 35983.7 27052.4 68440.4
threshold=30.265000343322757 -0.0006180118944030254 0.43017880618572241 14.605000019073488 2.8712917566299443 86.897083282470717 16.321082115173343 3.1307916641235356 87.471294403076186
decision_type=2 2 2 2 2 2 2 2 2
left_child=1 -1 4 -4 7 -6 -5 -2 -9
right_child=2 -3 3 6 5 -7 -8 8 -10
leaf_value=8.0750489383190871 -1.1857813835144044 0.2310542049407959 7.2191771485588774 1.3248772497862005 5.5206366448175341 -2.8638621878623964 -4.044765547911326 -9.8443631935119633 -2.5836754708676728
leaf_weight=20 25 25 22 26 21 20 24 20 37
leaf_count=20 25 25 22 26 21 20 24 20 37
internal_value=5.86035e-09 3.71727 -0.857832 1.33603 -2.14205 1.43064 -1.25255 -3.92839 -5.13129
internal_weight=240 45 195 72 123 41 50 82 57
internal_count=240 45 195 72 123 41 50 82 57
is_linear=0
shrinkage=0.1


Tree=31
num_leaves=10
num_cat=0
split_feature=4 21 5 22 16 6 17 14 10
split_gain=66437.9 72642.7 95625.3 82352 89593.4 34040.9 29440.1 44014.7 19881.6
threshold=79.465000152587905 2.8814582824707036 86.719421386718764 0.43017880618572241 14.494999885559084 0.20369820296764377 3.1307916641235356 1.435582220554352 0.12271514534950258
decision_type=2 2 2 2 2 2 2 2 2
left_child=-1 3 -3 6 -5 -6 -2 -8 -9
right_child=1 2 -4 4 5 -7 7 8 -10
leaf_value=5.3729747318086174 -0.71522057851155596 8.2280857944488535 -1.3259021238847213 6.8904127842187881 -4.2216294682025914 1.0374760996550323 -7.4215959446770814 -4.4755133737217303 -0.22413548122752799
leaf_weight=21 33 20 22 20 20 32 28 22 22
leaf_count=21 33 20 22 20 20 32 28 22 22
internal_value=-1.29143e-09 -0.515217 3.22362 -1.4024 1.20243 -0.985257 -3.18856 -4.32218 -2.34982
internal_weight=240 219 42 177 72 52 105 72 44
internal_count=240 219 42 177 72 52 105 72 44
is_linear=0
shrinkage=0.1


Tree=32
num_leaves=10
num_cat=0
split_feature=10 8 17 13 17 14 8 8 4
split_gain=64214.7 136146 46683.5 86472.1 55912.7 98532.2 28928.2 27565.5 13172.3
threshold=0.08133812248706819 30.265000343322757 16.563208580017093 29.549375534057621 12.022791862487795 3.0263022184371953 30.960000038146976 32.109998703002937 86.684997558593764
decision_type=2 2 2 2 2 2 2 2 2
left_child=-1 -2 3 4 5 8 -6 -5 -3
right_child=1 2 -4 7 6 -7 -8 -9 -10
leaf_value=-5.2823100294385643 6.2233508845738008 -4.3776610692342128 -4.4218850583941851 6.3025867723283318 -7.1316360211372372 5.4118555625279754 -1.817558547428676 1.509749973671777 -0.87624563303860747
leaf_weight=21 35 21 27 21 20 24 21 28 22
leaf_count=21 35 21 27 21 20 24 21 28 22
internal_value=-3.14663e-08 0.506523 -0.580917 0.0796313 -1.50116 0.27875 -4.40979 3.56382 -2.58624
internal_weight=240 219 184 157 108 67 41 49 43
internal_count=240 219 184 157 108 67 41 49 43
is_linear=0
shrinkage=0.1


Tree=33
num_leaves=10
num_cat=0
split_feature=10 8 17 13 4 18 20 16 22
split_gain=52013.9 110278 37813.6 70042.4 45386.3 103209 32390.6 23488.7 10516.5
threshold=0.08133812248706819 30.265000343322757 16.563208580017093 29.549375534057621 87.034999847412124 0.74732798337936412 2.8900001049041752 14.605000019073488 0.15011785179376605
decision_type=2 2 2 2 2 2 2 2 2
left_child=-1 -2 3 4 5 -3 8 -5 -6
right_child=1 2 -4 7 6 -7 -8 -9 -10
leaf_value=-4.7540790012904575 5.6010158014297495 -3.5077419844540687 -3.979696505158036 5.7355776150666529 -2.9732684006293617 6.4178891944885255 -6.3460712718963626 1.3113377690315247 0.053624053434892141
leaf_weight=21 35 22 27 21 24 20 20 28 22
leaf_count=21 35 22 27 21 24 20 20 28 22
internal_value=-7.55303e-09 0.455871 -0.522826 0.0716682 -1.35104 1.21875 -2.98637 3.20744 -1.52562
internal_weight=240 219 184 157 108 42 66 49 46
internal_count=240 219 184 157 108 42 66 49 46
is_linear=0
shrinkage=0.1


Tree=34
num_leaves=10
num_cat=0
split_feature=17 10 10 5 16 2 0 21 12
split_gain=44697.5 85368.9 47830.3 82269 134670 49294.8 25091.7 25729.8 6724.96
threshold=13.289625167846681 0.13474338501691821 0.08133812248706819 86.639167785644545 3.3850001096725468 193.14923095703128 2414.5000000000005 2.5832915306091313 30.855000495910648
decision_type=2 2 2 2 2 2 2 2 2
left_child=1 2 -1 4 -4 -5 7 8 -2
right_child=6 -3 3 5 -6 -7 -8 -9 -10
leaf_value=-4.2786711919875371 2.0860954648256302 6.8297430190173065 -0.037538780036725498 0.79558155059814462 10.100227780342102 -5.7764515357358119 -4.5813017264656404 -3.193684795167711 -0.42116838356722958
leaf_weight=21 20 22 38 25 20 21 23 27 23
leaf_count=21 20 22 38 25 20 21 23 27 23
internal_value=-1.18216e-08 1.08547 0.0744803 0.953482 3.45824 -2.20469 -1.71575 -0.774206 0.745001
internal_weight=240 147 125 104 58 46 93 70 43
internal_count=240 147 125 104 58 46 93 70 43
is_linear=0
shrinkage=0.1


Tree=35
num_leaves=9
num_cat=0
split_feature=4 18 5 2 8 17 6 22
split_gain=38410.4 38273 103451 56330.5 75622.5 31638.6 23831.7 19915.6
threshold=79.465000152587905 0.44471763074398046 86.639167785644545 101.07607650756837 32.225000381469734 3.1307916641235356 0.21051981300115588 0.15259289741516116
decision_type=2 2 2 2 2 2 2 2
left_child=-1 5 -3 4 -4 -2 7 -5
right_child=1 2 3 6 -6 -7 -8 -9
leaf_value=4.0853676001230879 -0.10435042236790514 7.200297623872757 6.599542855932599 -5.9132147459756759 -0.95141587191157884 -4.3910666041904021 0.3863931937651201 -1.8979759470621744
leaf_weight=21 33 20 21 21 36 36 22 30
leaf_count=21 33 20 21 21 36 36 22 30
internal_value=4.84288e-09 -0.391748 0.504862 -0.525205 1.83052 -2.3409 -2.3646 -3.55131
internal_weight=240 219 150 130 57 69 73 51
internal_count=240 219 150 130 57 69 73 51
is_linear=0
shrinkage=0.1


Tree=36
num_leaves=9
num_cat=0
split_feature=10 8 17 22 17 0 10 8
split_gain=34262.4 71579.1 62004.1 28457.9 72247.6 26747.8 18280.1 10996.9
threshold=0.08133812248706819 30.394999504089359 3.2483749389648442 0.15259289741516116 13.289625167846681 2414.5000000000005 0.11639340594410898 32.385000228881843
decision_type=2 2 2 2 2 2 2 2
left_child=-1 2 -2 6 -5 7 -3 -6
right_child=1 3 -4 4 5 -7 -8 -9
leaf_value=-3.8584724335443408 -0.12489246129989624 -0.90276716489058273 7.0883883329538193 4.6714071060049127 -1.1315996368726096 -4.0381800693014389 -4.3667563619613645 1.7547458681193266
leaf_weight=21 22 39 26 29 33 23 25 22
leaf_count=21 22 39 26 29 33 23 25 22
internal_value=-6.30816e-09 0.369991 3.7823 -0.587851 0.409853 -1.17457 -2.25589 0.0229386
internal_weight=240 219 48 171 107 78 64 55
internal_count=240 219 48 171 107 78 64 55
is_linear=0
shrinkage=0.1


Tree=37
num_leaves=10
num_cat=0
split_feature=9 18 5 2 8 17 1 10 3
split_gain=31090.9 28997.4 79326.4 44578.4 68546.6 40188.7 21513.1 17402.9 10234.6
threshold=29.889960289001468 0.43464273214340216 86.639167785644545 101.07607650756837 32.180000305175788 3.1307916641235356 1226.2625122070315 0.12748245894908908 -0.084551021456718431
decision_type=2 2 2 2 2 2 2 2 2
left_child=-1 5 -3 4 -4 -2 -5 -8 -6
right_child=1 2 3 6 8 -7 7 -9 -10
leaf_value=3.6755616460527691 0.24499791607712257 6.2591205990314487 6.1277694611322318 0.62669653639197354 0.76771756827831272 -4.8121401826540628 -5.0689896768102285 -1.4442258432507515 -2.3578883994709363
leaf_weight=21 33 20 21 20 20 30 26 27 22
leaf_count=21 33 20 21 20 20 30 26 27 22
internal_value=-4.48897e-09 -0.352451 0.378798 -0.485955 1.46292 -2.16316 -2.16786 -3.22241 -0.869505
internal_weight=240 219 156 136 63 63 73 53 42
internal_count=240 219 156 136 63 63 73 53 42
is_linear=0
shrinkage=0.1


Tree=38
num_leaves=9
num_cat=0
split_feature=17 10 8 1 22 1 15 2
split_gain=28195.5 34368 42874.8 38498.4 45045.4 26820.3 20670.2 12772.1
threshold=16.735207557678226 0.08133812248706819 30.265000343322757 2286.283325195313 0.44868694245815283 1229.920837402344 0.0084270280785858648 29.209444999694828
decision_type=2 2 2 2 2 2 2 2
left_child=1 -1 -3 5 -5 -4 7 -7
right_child=-2 2 3 4 -6 6 -8 -9
leaf_value=-3.4824784869239447 -3.2516627361377086 3.9456084179878235 1.8496995204576738 5.5197336509823804 -0.74478052366863601 -2.5175820863246923 -3.6825700434691768 0.68498047915371985
leaf_weight=21 24 35 27 24 22 20 34 33
leaf_count=21 24 35 27 24 22 20 34 33
internal_value=-1.45845e-08 0.361296 0.775241 0.0817228 2.52366 -0.903621 -1.7581 -0.523534
internal_weight=240 216 195 160 46 114 87 53
internal_count=240 216 195 160 46 114 87 53
is_linear=0
shrinkage=0.1


Tree=39
num_leaves=9
num_cat=0
split_feature=6 23 11 18 9 23 22 11
split_gain=26976.1 52990.8 42702.2 38268.7 35773.1 44571.7 34309.1 13007.7
threshold=0.20612926036119464 -0.00042447383748367423 0.00074420133023522805 0.53274014592170726 30.564915657043461 0.00021185508376220244 0.41075843572616583 -0.00051581577281467606
decision_type=2 2 2 2 2 2 2 2
left_child=1 3 -3 -1 5 -2 -6 -8
right_child=4 2 -4 -5 6 -7 7 -9
leaf_value=-6.8802460336685192 5.9506362511561477 3.4779933144969331 -1.9617228552147195 -1.3366958047404436 -2.4251226903536383 -0.24351773290407089 -0.19441479310393334 3.2926094215849169
leaf_weight=20 26 31 27 33 39 21 20 23
leaf_count=20 26 31 27 33 39 21 20 23
internal_value=-2.17309e-09 -1.14292 0.945712 -3.4286 0.983447 3.18304 -0.277293 1.67074
internal_weight=240 111 58 53 129 47 82 43
internal_count=240 111 58 53 129 47 82 43
is_linear=0
shrinkage=0.1


Tree=40
num_leaves=9
num_cat=0
split_feature=11 5 17 1 17 22 5 4
split_gain=25269 40097 92483.9 54757.8 29898.1 21963.6 18211.8 8620.19
threshold=0.0019715430680662398 86.83362197875978 3.3582916259765629 2309.5749511718755 3.1307916641235356 0.15207210928201678 87.555873870849624 88.520000457763686
decision_type=2 2 2 2 2 2 2 2
left_child=1 2 4 6 -1 -2 -3 -8
right_child=5 3 -4 -5 -6 -7 7 -9
leaf_value=2.5501259803771976 -3.5953547307560521 -3.9739699379090343 8.0754933130173452 2.5092918670330295 -2.8523054981231688 0.013124646689440753 0.7232376144081355 -2.2127788442373277
leaf_weight=21 31 31 21 39 20 37 20 20
leaf_count=21 31 31 21 39 20 37 20 20
internal_value=2.56424e-09 0.645177 2.6789 -0.501105 -0.0852064 -1.63192 -2.1547 -0.744771
internal_weight=240 172 62 110 41 68 71 40
internal_count=240 172 62 110 41 68 71 40
is_linear=0
shrinkage=0.1


Tree=41
num_leaves=9
num_cat=0
split_feature=17 22 9 11 11 4 16 5
split_gain=24987.1 55270.8 26668.5 32117.7 56940.3 15955.4 16164 11346.6
threshold=13.289625167846681 0.15660019218921664 30.716167449951175 0.0019532447913661603 0.00019751296349568295 91.240001678466811 15.799999713897707 88.964000701904311
decision_type=2 2 2 2 2 2 2 2
left_child=1 2 3 4 -1 6 7 -2
right_child=5 -3 -4 -5 -6 -7 -8 -9
leaf_value=-0.29348582625389102 -2.1934104941108012 5.6978412961959846 -2.2618204977777268 -1.9388716344480164 5.779769776417659 1.2195790371298791 -4.3907648476958272 0.82514790982007991
leaf_weight=38 33 20 36 27 26 20 20 20
leaf_count=38 33 20 36 27 26 20 20 20
internal_value=9.76026e-09 0.811587 0.0420983 0.953539 2.17377 -1.28283 -1.96842 -1.05433
internal_weight=240 147 127 91 64 93 73 53
internal_count=240 147 127 91 64 93 73 53
is_linear=0
shrinkage=0.1


Tree=42
num_leaves=10
num_cat=0
split_feature=17 10 4 2 5 6 0 17 11
split_gain=23560.5 24925.4 27978.4 26103.1 28643.5 38694.5 25147.4 43518.3 10842.2
threshold=16.735207557678226 0.08133812248706819 80.989997863769545 23.789554595947269 86.639167785644545 0.17123843729496005 1533.0000000000002 13.440166473388674 -0.00051581577281467606
decision_type=2 2 2 2 2 2 2 2 2
left_child=1 -1 -3 -4 -5 -6 -7 -8 -9
right_child=-2 2 3 4 5 6 7 8 -10
leaf_value=-2.9431543719200861 -2.9724051274359229 4.130725617635818 -3.132073638439179 3.5395030325856705 -3.8642489944185527 -1.2507383878166611 5.6422983375462623 -1.5200869497656821 1.6036935691833496
leaf_weight=21 24 21 20 29 21 37 22 20 25
leaf_count=21 24 21 20 29 21 37 22 20 25
internal_value=1.12752e-08 0.330267 0.68279 0.266659 0.708053 0.0511569 0.841768 1.99733 0.215347
internal_weight=240 216 195 174 154 125 104 67 45
internal_count=240 216 195 174 154 125 104 67 45
is_linear=0
shrinkage=0.1


Tree=43
num_leaves=9
num_cat=0
split_feature=6 11 23 4 16 17 11 16
split_gain=19666.2 43352.5 52737.3 29163.4 20927.5 72280.1 16587.1 9242.96
threshold=0.20612926036119464 -0.0019047850510105489 -0.00081830343697220076 87.075000762939467 3.304999947547913 13.289625167846681 0.0012044231407344343 15.114999771118166
decision_type=2 2 2 2 2 2 2 2
left_child=1 -1 -3 -4 6 -6 -2 -7
right_child=4 2 3 -5 5 7 -8 -9
leaf_value=3.2396627020835882 0.78861729173824713 -4.8779063079920082 2.8655134515328839 -1.8348604506163888 6.0507279078165688 -2.0130225169658664 -2.9016843250819617 0.7273979648947716
leaf_weight=20 29 36 22 33 27 20 21 32
leaf_count=20 29 36 22 33 27 20 21 32
internal_value=-1.37525e-08 -0.97586 -1.90235 0.0452891 0.839694 1.85299 -0.761309 -0.32661
internal_weight=240 111 91 55 129 79 50 52
internal_count=240 111 91 55 129 79 50 52
is_linear=0
shrinkage=0.1


Tree=44
num_leaves=10
num_cat=0
split_feature=5 1 22 17 14 15 0 21 8
split_gain=19013.7 23987.3 20168 19796.6 46680.6 29286.3 23044.4 23575.1 22313.9
threshold=90.738708496093764 2286.283325195313 0.44661125540733343 12.022791862487795 3.1371127367019658 0.013713087420910599 1790.0000000000002 2.1791666746139531 30.960000038146976
decision_type=2 2 2 2 2 2 2 2 2
left_child=1 3 -3 4 5 6 -1 -8 -5
right_child=-2 2 -4 8 -6 -7 7 -9 -10
leaf_value=3.0250343412160876 -2.3549210329850516 4.6652668294452484 0.28262027303377785 -4.4822864812612542 4.3157070522308354 -3.4793234004974369 -2.995815968265136 1.3920092658996583 -0.00093315565586090093
leaf_weight=24 30 21 21 20 25 25 24 25 25
leaf_count=24 30 21 21 20 25 25 24 25 25
internal_value=1.47397e-08 0.336417 2.47394 -0.197964 0.458627 -0.525323 0.486322 -0.75713 -1.99265
internal_weight=240 210 42 168 123 98 73 49 45
internal_count=240 210 42 168 123 98 73 49 45
is_linear=0
shrinkage=0.1


Tree=45
num_leaves=10
num_cat=0
split_feature=0 3 7 16 15 11 4 12 16
split_gain=16787 20566.8 25314.2 37949.1 33783.2 32698.2 26225 16914.5 12427.2
threshold=2414.5000000000005 1.0706802606582644 0.0042300068307667979 3.304999947547913 -0.0023242929019033905 0.00019751296349568295 88.469997406005874 21.890000343322757 2.935000061988831
decision_type=2 2 2 2 2 2 2 2 2
left_child=1 2 4 8 7 -6 -5 -1 -4
right_child=-2 -3 3 6 5 -7 -8 -9 -10
leaf_value=-0.7967649004856745 -2.4526217794418339 2.8660320673551825 0.93614028475501321 5.9914706003665934 -5.5415202054977417 -0.52257997415683888 0.87043183684349068 2.957624959945679 -2.3542644401391346
leaf_weight=30 25 27 22 20 25 27 20 20 24
leaf_count=30 25 27 22 20 25 27 20 20 24
internal_value=-1.03222e-08 0.285189 -0.0854645 1.17826 -1.15096 -2.93553 3.43095 0.704991 -0.780593
internal_weight=240 215 188 86 102 52 40 50 46
internal_count=240 215 188 86 102 52 40 50 46
is_linear=0
shrinkage=0.1


Tree=46
num_leaves=9
num_cat=0
split_feature=11 10 5 17 5 4 22 8
split_gain=17153.8 19954.4 39862.1 61618.1 51828.5 30459.9 14884.9 6080.54
threshold=0.0021389339817687873 0.08133812248706819 86.83362197875978 3.339749932289124 87.555873870849624 88.469997406005874 0.15207210928201678 32.385000228881843
decision_type=2 2 2 2 2 2 2 2
left_child=1 -1 3 -3 -4 -6 -2 -7
right_child=6 2 4 -5 5 7 -8 -9
leaf_value=-2.3960509836496344 -3.1966007106833989 0.033063077926635744 -3.9096935621329716 7.018546727170115 4.161631600234819 -0.96696340390614111 -0.07158505065100533 1.2188018405437471
leaf_weight=21 27 28 28 23 23 35 35 20
leaf_count=21 27 28 28 23 23 35 35 20
internal_value=-4.0466e-09 0.498953 0.886183 3.18338 -0.219071 1.10577 -1.43248 -0.17214
internal_weight=240 178 157 51 106 78 62 55
internal_count=240 178 157 51 106 78 62 55
is_linear=0
shrinkage=0.1


Tree=47
num_leaves=10
num_cat=0
split_feature=17 10 9 7 18 11 23 11 8
split_gain=15323.9 13917.9 35335.6 22155.5 34398.5 27565.7 23960.4 23898.1 53155.4
threshold=16.735207557678226 0.13869345188140872 31.826208114624027 0.0034131014253944163 0.83507633209228527 0.0018095521954819562 -0.00042447383748367423 -0.00070265243994072069 30.585000038146976
decision_type=2 2 2 2 2 2 2 2 2
left_child=1 3 -3 4 6 7 -1 -5 -9
right_child=-2 2 -4 5 -6 -7 -8 8 -10
leaf_value=-5.9009287428855899 -2.39717933665144 4.8661089556557791 -0.32256953239440922 -0.85241390566031139 1.2187814254027147 -2.3204666972160339 -1.0059893888235092 6.6300040635195643 -0.048765216882412254
leaf_weight=20 24 21 35 24 26 22 20 22 26
leaf_count=20 24 21 35 24 26 22 20 22 26
internal_value=-1.05604e-08 0.266353 1.62318 -0.208538 -1.61288 0.777489 -3.45346 1.72409 3.01234
internal_weight=240 216 56 160 66 94 40 72 48
internal_count=240 216 56 160 66 94 40 72 48
is_linear=0
shrinkage=0.1


Tree=48
num_leaves=8
num_cat=0
split_feature=11 1 4 18 5 22 18
split_gain=13706.1 19226.2 45008.9 20334.5 62684.1 11443 4775.15
threshold=0.0019715430680662398 1819.0916748046877 88.469997406005874 0.13441991060972217 86.920589447021499 0.15207210928201678 0.5147533416748048
decision_type=2 2 2 2 2 2 2
left_child=1 3 -3 -1 -5 -2 -4
right_child=5 2 6 4 -6 -7 -8
leaf_value=-3.0652349048334622 -2.6190926384541298 4.7599811208659206 -1.1093561051068483 3.557875171574679 -2.3639533580877843 -0.014488232135772706 0.90122868106478737
leaf_weight=23 31 29 27 33 39 37 21
leaf_count=23 31 29 27 33 39 37 21
internal_value=1.9744e-09 0.475162 1.64951 -0.476681 0.350218 -1.20188 -0.229725
internal_weight=240 172 77 95 72 68 48
internal_count=240 172 77 95 72 68 48
is_linear=0
shrinkage=0.1


Tree=49
num_leaves=9
num_cat=0
split_feature=0 1 17 14 9 24 19 17
split_gain=12490.4 16627.7 13658.6 24543.4 15672.9 12792 12034.3 18102.6
threshold=2414.5000000000005 2309.5749511718755 12.692541599273683 3.2662423849105839 29.889960289001468 1.0000000180025095e-35 0.0034979860065504913 3.1307916641235356
decision_type=2 2 2 2 2 2 2 2
left_child=1 2 3 4 -1 -4 7 -6
right_child=-2 -3 5 -5 6 -7 -8 -9
leaf_value=2.2076096648261663 -2.1155904960632324 2.114190255984282 -3.1790581316947937 3.481041354224796 0.36056928495566054 0.21399656653404239 1.2629401502155124 -2.9254639427912865
leaf_weight=21 25 39 25 21 30 20 21 38
leaf_count=21 25 39 25 21 30 20 21 38
internal_value=-4.59452e-09 0.245999 -0.167975 0.348342 -0.249718 -1.67103 -0.829537 -1.47574
internal_weight=240 215 176 131 110 45 89 68
internal_count=240 215 176 131 110 45 89 68
is_linear=0
shrinkage=0.1


end of trees

feature_importances:
Column_17=59
Column_8=31
Column_5=30
Column_24=28
Column_4=26
Column_16=25
Column_22=25
Column_9=21
Column_0=18
Column_10=17
Column_21=17
Column_2=15
Column_11=13
Column_18=13
Column_1=12
Column_13=8
Column_14=7
Column_19=7
Column_12=6
Column_6=5
Column_3=4
Column_23=4
Column_15=3
Column_7=2
Column_20=1

parameters:
[boosting: gbdt]
[objective: regression]
[metric: l2]
[tree_learner: serial]
[device_type: cpu]
[data_sample_strategy: bagging]
[data: ]
[valid: ]
[num_iterations: 50]
[learning_rate: 0.1]
[num_leaves: 31]
[num_threads: 0]
[seed: 0]
[deterministic: 0]
[force_col_wise: 0]
[force_row_wise: 0]
[histogram_pool_size: -1]
[max_depth: -1]
[min_data_in_leaf: 20]
[min_sum_hessian_in_leaf: 0.001]
[bagging_fraction: 1]
[pos_bagging_fraction: 1]
[neg_bagging_fraction: 1]
[bagging_freq: 0]
[bagging_seed: 3]
[bagging_by_query: 0]
[feature_fraction: 1]
[feature_fraction_bynode: 1]
[feature_fraction_seed: 2]
[extra_trees: 0]
[extra_seed: 6]
[early_stopping_round: 0]
[early_stopping_min_delta: 0]
[first_metric_only: 0]
[max_delta_step: 0]
[lambda_l1: 0]
[lambda_l2: 0]
[linear_lambda: 0]
[min_gain_to_split: 0]
[drop_rate: 0.1]
[max_drop: 50]
[skip_drop: 0.5]
[xgboost_dart_mode: 0]
[uniform_drop: 0]
[drop_seed: 4]
[top_rate: 0.2]
[other_rate: 0.1]
[min_data_per_group: 100]
[max_cat_threshold: 32]
[cat_l2: 10]
[cat_smooth: 10]
[max_cat_to_onehot: 4]
[top_k: 20]
[monotone_constraints: ]
[monotone_constraints_method: basic]
[monotone_penalty: 0]
[feature_contri: ]
[forcedsplits_filename: ]
[refit_decay_rate: 0.9]
[cegb_tradeoff: 1]
[cegb_penalty_split: 0]
[cegb_penalty_feature_lazy: ]
[cegb_penalty_feature_coupled: ]
[path_smooth: 0]
[interaction_constraints: ]
[verbosity: -1]
[saved_feature_importance_type: 0]
[use_quantized_grad: 0]
[num_grad_quant_bins: 4]
[quant_train_renew_leaf: 0]
[stochastic_rounding: 1]
[linear_tree: 0]
[max_bin: 255]
[max_bin_by_feature: ]
[min_data_in_bin: 3]
[bin_construct_sample_cnt: 200000]
[data_random_seed: 1]
[is_enable_sparse: 1]
[enable_bundle: 1]
[use_missing: 1]
[zero_as_missing: 0]
[feature_pre_filter: 1]
[pre_partition: 0]
[two_round: 0]
[header: 0]
[label_column: ]
[weight_column: ]
[group_column: ]
[ignore_column: ]
[categorical_feature: ]
[forcedbins_filename: ]
[precise_float_parser: 0]
[parser_config_file: ]
[objective_seed: 5]
[num_class: 1]
[is_unbalance: 0]
[scale_pos_weight: 1]
[sigmoid: 1]
[boost_from_average: 1]
[reg_sqrt: 0]
[alpha: 0.9]
[fair_c: 1]
[poisson_max_delta_step: 0.7]
[tweedie_variance_power: 1.5]
[lambdarank_truncation_level: 30]
[lambdarank_norm: 1]
[label_gain: ]
[lambdarank_position_bias_regularization: 0]
[eval_at: ]
[multi_error_top_k: 1]
[auc_mu_weights: ]
[num_machines: 1]
[local_listen_port: 12400]
[time_out: 120]
[machine_list_filename: ]
[machines: ]
[gpu_platform_id: -1]
[gpu_device_id: -1]
[gpu_use_dp: 0]
[num_gpu: 1]

end of parameters

pandas_categorical:null
